=== Motion Statistics Summary ===
rel_shape = (364, 19, 2)
moving_eps = 0.04242620

[avg_speed]
min: 0.00000000
p05: 0.00919931
p10: 0.07080450
p20: 0.10723409
p25: 0.11819438
p30: 0.13207237
median: 0.31154469
mean: 0.37757936
p70: 0.48138285
p75: 0.61017615
p80: 0.70263666
p90: 0.85927588
p95: 0.91305429
max: 1.03106272

[acc_rms]
min: 0.00000000
p05: 0.02285220
p10: 0.08792665
p20: 0.10965098
p25: 0.12914237
p30: 0.13999140
median: 0.17473772
mean: 0.17187223
p70: 0.20680237
p75: 0.21312489
p80: 0.22220998
p90: 0.26023698
p95: 0.29124457
max: 0.36482856

[moving_ratio]
min: 0.00000000
p05: 0.05263158
p10: 0.31578947
p20: 0.47368421
p25: 0.52631579
p30: 0.57894737
median: 0.84210526
mean: 0.74493927
p70: 1.00000000
p75: 1.00000000
p80: 1.00000000
p90: 1.00000000
p95: 1.00000000
max: 1.00000000
