=== Motion Statistics Summary ===
rel_shape = (291, 19, 2)
moving_eps = 0.04242620

[avg_speed]
min: 0.10730010
p05: 0.11649944
p10: 0.12385064
p20: 0.15635771
p25: 0.19844018
p30: 0.25801083
median: 0.41844460
mean: 0.45751178
p70: 0.64826745
p75: 0.70290905
p80: 0.74323386
p90: 0.87741882
p95: 0.92798984
max: 1.03106272

[acc_rms]
min: 0.06839440
p05: 0.08789200
p10: 0.10225239
p20: 0.13490732
p25: 0.14186221
p30: 0.14866063
median: 0.18729055
mean: 0.18427043
p70: 0.21218418
p75: 0.21650636
p80: 0.22992739
p90: 0.26386011
p95: 0.30042869
max: 0.36482856

[moving_ratio]
min: 0.36842105
p05: 0.47368421
p10: 0.52631579
p20: 0.73684211
p25: 0.76315789
p30: 0.78947368
median: 0.94736842
mean: 0.85331886
p70: 1.00000000
p75: 1.00000000
p80: 1.00000000
p90: 1.00000000
p95: 1.00000000
max: 1.00000000
