=== Motion Statistics Summary ===
rel_shape = (233, 19, 2)
moving_eps = 0.05385182

[avg_speed]
min: 0.15635771
p05: 0.18741605
p10: 0.24583079
p20: 0.29673827
p25: 0.34245935
p30: 0.38674355
median: 0.47379619
mean: 0.53923321
p70: 0.70511091
p75: 0.74323386
p80: 0.78079373
p90: 0.89120620
p95: 0.94559813
max: 1.03106272

[acc_rms]
min: 0.06839440
p05: 0.08452483
p10: 0.09528324
p20: 0.12594286
p25: 0.13490734
p30: 0.14026166
median: 0.17180417
mean: 0.17715874
p70: 0.20764838
p75: 0.21541952
p80: 0.22759074
p90: 0.26114902
p95: 0.28969556
max: 0.36482856

[moving_ratio]
min: 0.52631579
p05: 0.63157895
p10: 0.68421053
p20: 0.73684211
p25: 0.78947368
p30: 0.84210526
median: 1.00000000
mean: 0.90648295
p70: 1.00000000
p75: 1.00000000
p80: 1.00000000
p90: 1.00000000
p95: 1.00000000
max: 1.00000000
